---
build/images/objective-9dbfbde8.png: 2018-09-06 20:57:35.955320833 +02:00
build/images/search-5242027a.png: 2018-09-06 20:57:30.742908680 +02:00
build/images/creative-be77ffa0.png: 2018-09-06 20:57:35.473008047 +02:00
build/images/Rudolf-Logo-40af2f2a.png: 2018-09-06 20:57:49.641805691 +02:00
build/images/achtergrond-rudolfvangorsel-f05d08fb.jpg: 2018-08-14 18:42:28.436692345
  +02:00
build/images/profilePicture-41f49a0e.png: 2018-09-06 20:58:07.961537696 +02:00
build/images/chess-piece-906a9176.png: 2018-09-06 20:57:46.998572649 +02:00
build/images/puzzle-pieces-6cad4b4c.png: 2018-09-06 20:57:45.757266645 +02:00
