---
build/images/edit-4f52cbe9.png: 2018-08-14 21:13:36.010130709 +02:00
build/images/search-5242027a.png: 2018-08-14 21:13:32.431389200 +02:00
build/images/eyeglasses-de8886e7.png: 2018-08-14 21:13:32.626628735 +02:00
build/images/flag-cba4b222.png: 2018-08-14 21:13:35.658825793 +02:00
build/images/test-f9e47900.png: 2018-08-14 21:13:33.419796640 +02:00
build/images/resume-8ed921e7.png: 2018-08-14 21:13:47.773848609 +02:00
build/images/notepad-8973012d.png: 2018-08-14 21:13:46.095546694 +02:00
build/images/notebook-4baabae9.png: 2018-08-14 21:13:46.087252706 +02:00
build/images/Rudolf-Logo-40af2f2a.png: 2018-08-14 21:13:56.012937847 +02:00
build/images/achtergrond-rudolfvangorsel-f05d08fb.jpg: 2018-08-14 18:42:28.436692345
  +02:00
build/images/portrait-placeholder-b085bb92.jpg: 2018-08-14 21:13:47.912638388 +02:00
