---
build/images/edit-4f52cbe9.png: 2018-08-14 21:33:14.778527919 +02:00
build/images/search-5242027a.png: 2018-08-14 21:33:11.392520555 +02:00
build/images/eyeglasses-de8886e7.png: 2018-08-14 21:33:11.604319793 +02:00
build/images/flag-cba4b222.png: 2018-08-14 21:33:14.453088649 +02:00
build/images/test-f9e47900.png: 2018-08-14 21:33:12.353998495 +02:00
build/images/resume-8ed921e7.png: 2018-08-14 21:33:27.015534906 +02:00
build/images/notepad-8973012d.png: 2018-08-14 21:33:25.093439842 +02:00
build/images/notebook-4baabae9.png: 2018-08-14 21:33:25.228479438 +02:00
build/images/Rudolf-Logo-40af2f2a.png: 2018-08-14 21:33:36.434012915 +02:00
build/images/achtergrond-rudolfvangorsel-f05d08fb.jpg: 2018-08-14 18:42:28.436692345
  +02:00
build/images/portrait-placeholder-b085bb92.jpg: 2018-08-14 21:33:27.168610018 +02:00
