---
build/images/objective-9dbfbde8.png: 2018-09-11 22:49:04.629002063 +02:00
build/images/search-5242027a.png: 2018-09-11 22:48:59.745428921 +02:00
build/images/creative-be77ffa0.png: 2018-09-11 22:49:04.089203950 +02:00
build/images/Rudolf-Logo-40af2f2a.png: 2018-09-11 22:49:17.696672379 +02:00
build/images/achtergrond-rudolfvangorsel-f05d08fb.jpg: 2018-08-14 18:42:28.436692345
  +02:00
build/images/profilePicture-41f49a0e.png: 2018-09-11 22:49:35.334777162 +02:00
build/images/chess-piece-906a9176.png: 2018-09-11 22:49:15.122567449 +02:00
build/images/puzzle-pieces-6cad4b4c.png: 2018-09-11 22:49:13.805435951 +02:00
