---
build/images/objective-9dbfbde8.png: 2018-09-06 21:13:06.450114820 +02:00
build/images/search-5242027a.png: 2018-09-06 21:13:00.907190277 +02:00
build/images/creative-be77ffa0.png: 2018-09-06 21:13:05.822469442 +02:00
build/images/Rudolf-Logo-40af2f2a.png: 2018-09-06 21:13:20.184418299 +02:00
build/images/achtergrond-rudolfvangorsel-f05d08fb.jpg: 2018-08-14 18:42:28.436692345
  +02:00
build/images/profilePicture-41f49a0e.png: 2018-09-06 21:13:38.449124188 +02:00
build/images/chess-piece-906a9176.png: 2018-09-06 21:13:17.635398056 +02:00
build/images/puzzle-pieces-6cad4b4c.png: 2018-09-06 21:13:16.236165259 +02:00
