---
build/images/Rudolf-Logo-40af2f2a.png: 2018-08-14 21:07:06.422812171 +02:00
build/images/achtergrond-rudolfvangorsel-f05d08fb.jpg: 2018-08-14 18:42:28.436692345
  +02:00
build/images/portrait-placeholder-b085bb92.jpg: 2018-08-14 21:06:49.795708438 +02:00
