---
build/images/edit-4f52cbe9.png: 2018-08-14 21:26:34.510845721 +02:00
build/images/search-5242027a.png: 2018-08-14 21:26:30.951697844 +02:00
build/images/eyeglasses-de8886e7.png: 2018-08-14 21:26:31.130368952 +02:00
build/images/flag-cba4b222.png: 2018-08-14 21:26:34.154577009 +02:00
build/images/test-f9e47900.png: 2018-08-14 21:26:31.908396584 +02:00
build/images/resume-8ed921e7.png: 2018-08-14 21:26:46.320503978 +02:00
build/images/notepad-8973012d.png: 2018-08-14 21:26:44.584725929 +02:00
build/images/notebook-4baabae9.png: 2018-08-14 21:26:44.616674090 +02:00
build/images/Rudolf-Logo-40af2f2a.png: 2018-08-14 21:26:54.516249908 +02:00
build/images/achtergrond-rudolfvangorsel-f05d08fb.jpg: 2018-08-14 18:42:28.436692345
  +02:00
build/images/portrait-placeholder-b085bb92.jpg: 2018-08-14 21:26:46.473752470 +02:00
