---
build/images/objective-9dbfbde8.png: 2018-09-10 22:26:29.164877665 +02:00
build/images/search-5242027a.png: 2018-09-10 22:26:24.413035019 +02:00
build/images/creative-be77ffa0.png: 2018-09-10 22:26:28.680671014 +02:00
build/images/Rudolf-Logo-40af2f2a.png: 2018-09-10 22:26:42.192524409 +02:00
build/images/achtergrond-rudolfvangorsel-f05d08fb.jpg: 2018-08-14 18:42:28.436692345
  +02:00
build/images/profilePicture-41f49a0e.png: 2018-09-10 22:26:59.607224317 +02:00
build/images/chess-piece-906a9176.png: 2018-09-10 22:26:39.563464551 +02:00
build/images/puzzle-pieces-6cad4b4c.png: 2018-09-10 22:26:38.280457388 +02:00
