---
build/images/objective-9dbfbde8.png: 2018-09-06 21:20:11.817912245 +02:00
build/images/search-5242027a.png: 2018-09-06 21:20:06.287795250 +02:00
build/images/creative-be77ffa0.png: 2018-09-06 21:20:11.232093639 +02:00
build/images/Rudolf-Logo-40af2f2a.png: 2018-09-06 21:20:27.505599310 +02:00
build/images/achtergrond-rudolfvangorsel-f05d08fb.jpg: 2018-08-14 18:42:28.436692345
  +02:00
build/images/profilePicture-41f49a0e.png: 2018-09-06 21:20:45.823584796 +02:00
build/images/chess-piece-906a9176.png: 2018-09-06 21:20:24.557612407 +02:00
build/images/puzzle-pieces-6cad4b4c.png: 2018-09-06 21:20:22.866286416 +02:00
