---
build/images/edit-4f52cbe9.png: 2018-08-15 19:55:24.621675670 +02:00
build/images/search-5242027a.png: 2018-08-15 19:55:19.981403458 +02:00
build/images/eyeglasses-de8886e7.png: 2018-08-15 19:55:20.303652261 +02:00
build/images/flag-cba4b222.png: 2018-08-15 19:55:23.983449176 +02:00
build/images/test-f9e47900.png: 2018-08-15 19:55:21.180561499 +02:00
build/images/resume-8ed921e7.png: 2018-08-15 19:55:38.474516582 +02:00
build/images/notepad-8973012d.png: 2018-08-15 19:55:36.399090616 +02:00
build/images/notebook-4baabae9.png: 2018-08-15 19:55:36.619267620 +02:00
build/images/Rudolf-Logo-40af2f2a.png: 2018-08-15 19:55:47.818501128 +02:00
build/images/achtergrond-rudolfvangorsel-f05d08fb.jpg: 2018-08-14 18:42:28.436692345
  +02:00
build/images/portrait-placeholder-b085bb92.jpg: 2018-08-15 19:55:38.887867650 +02:00
