---
build/images/Rudolf-Logo-40af2f2a.png: 2018-08-14 21:09:54.604615718 +02:00
build/images/achtergrond-rudolfvangorsel-f05d08fb.jpg: 2018-08-14 18:42:28.436692345
  +02:00
build/images/portrait-placeholder-b085bb92.jpg: 2018-08-14 21:09:39.420375462 +02:00
