---
build/images/edit-4f52cbe9.png: 2018-09-04 23:34:17.842026971 +02:00
build/images/search-5242027a.png: 2018-09-04 23:34:14.001503847 +02:00
build/images/eyeglasses-de8886e7.png: 2018-09-04 23:34:14.243483682 +02:00
build/images/flag-cba4b222.png: 2018-09-04 23:34:17.540142007 +02:00
build/images/test-f9e47900.png: 2018-09-04 23:34:15.076441908 +02:00
build/images/resume-8ed921e7.png: 2018-09-04 23:34:30.070622096 +02:00
build/images/notepad-8973012d.png: 2018-09-04 23:34:28.414660453 +02:00
build/images/notebook-4baabae9.png: 2018-09-04 23:34:28.321654625 +02:00
build/images/Rudolf-Logo-40af2f2a.png: 2018-09-04 23:34:39.328737468 +02:00
build/images/achtergrond-rudolfvangorsel-f05d08fb.jpg: 2018-08-14 18:42:28.436692345
  +02:00
build/images/portrait-placeholder-b085bb92.jpg: 2018-09-04 23:34:30.248646727 +02:00
build/images/profilePicture-41f49a0e.png: 2018-09-04 23:34:59.228270001 +02:00
